data/rotse_response_normalized.ecsv
# %ECSV 0.9
# ---
# datatype:
# - {name: wavelength, unit: Angstrom, datatype: float64}
# - {name: response, datatype: float64}
# meta: !!omap
# - {url: 'None'}
# - {band_name: ROTSE}
# - {airmass: 0.0}
# - {description: 'home/govinda/ROTSE/backup/rotse/data/rotse/products/idltools/umrotse_idl/tools/igm/rotse_response.dat
#     on:
# 
#  
# 
#     Note that these do not represent the response of any actual instrument.
# 
#     Response values are normalized to have a maximum of one.'}
# - {group_name: rotse}
wavelength response
2990   0.000000
3000   0.00249738
3010   0.00302331
3020   0.00362709
3030   0.00431614
3040   0.00509833
3050   0.00598191
3060   0.0069756
3070   0.00808856
3080   0.00933038
3090   0.0107112
3100   0.0122415
3110   0.0133933
3120   0.0146258
3130   0.015943
3140   0.0173494
3150   0.0188492
3160   0.020447
3170   0.0221476
3180   0.0239559
3190   0.0258767
3200   0.0279156
3210   0.0295385
3220   0.0312292
3230   0.0329897
3240   0.0348221
3250   0.0367286
3260   0.0387115
3270   0.040773
3280   0.0429154
3290   0.0451413
3300   0.0474529
3310   0.0495655
3320   0.0517439
3330   0.0539897
3340   0.0563042
3350   0.058689
3360   0.0611455
3370   0.0636755
3380   0.0662803
3390   0.0689617
3400   0.0717214
3410   0.0743945
3420   0.0771369
3430   0.0799499
3440   0.0828345
3450   0.0857924
3460   0.0888246
3470   0.0919325
3480   0.0951172
3490   0.0983803
3500   0.101723
3510   0.107859
3520   0.114096
3530   0.120433
3540   0.126873
3550   0.133417
3560   0.140063
3570   0.146814
3580   0.153671
3590   0.160634
3600   0.167703
3610   0.174917
3620   0.182242
3630   0.189679
3640   0.197231
3650   0.204896
3660   0.21253
3670   0.220271
3680   0.228117
3690   0.23607
3700   0.244131
3710   0.252212
3720   0.260395
3730   0.268683
3740   0.277076
3750   0.285573
3760   0.294176
3770   0.302886
3780   0.311703
3790   0.320627
3800   0.32966
3810   0.338801
3820   0.348052
3830   0.357412
3840   0.366884
3850   0.376466
3860   0.386161
3870   0.395967
3880   0.405886
3890   0.41592
3900   0.426068
3910   0.436331
3920   0.446709
3930   0.457203
3940   0.467814
3950   0.478542
3960   0.489388
3970   0.500353
3980   0.511438
3990   0.522641
4000   0.533966
4010   0.53891
4020   0.543864
4030   0.548826
4040   0.553797
4050   0.558777
4060   0.563765
4070   0.568761
4080   0.573767
4090   0.578782
4100   0.583806
4110   0.588838
4120   0.593879
4130   0.598929
4140   0.603988
4150   0.609056
4160   0.614132
4170   0.619217
4180   0.624311
4190   0.629414
4200   0.634525
4210   0.639582
4220   0.644646
4230   0.649718
4240   0.654799
4250   0.659887
4260   0.664983
4270   0.670087
4280   0.675198
4290   0.680318
4300   0.685446
4310   0.690581
4320   0.695724
4330   0.700876
4340   0.706035
4350   0.711202
4360   0.716377
4370   0.721559
4380   0.72675
4390   0.731949
4400   0.737156
4410   0.742371
4420   0.747593
4430   0.752823
4440   0.758062
4450   0.763308
4460   0.768563
4470   0.773826
4480   0.779096
4490   0.784374
4500   0.789661
4510   0.793367
4520   0.797077
4530   0.800788
4540   0.804504
4550   0.808222
4560   0.811942
4570   0.815666
4580   0.819393
4590   0.823123
4600   0.826855
4610   0.830577
4620   0.834302
4630   0.838029
4640   0.841759
4650   0.845493
4660   0.849229
4670   0.852967
4680   0.856709
4690   0.860453
4700   0.864201
4710   0.867951
4720   0.871703
4730   0.875459
4740   0.879218
4750   0.882979
4760   0.886743
4770   0.89051
4780   0.894281
4790   0.898053
4800   0.901828
4810   0.905607
4820   0.909389
4830   0.913173
4840   0.91696
4850   0.920749
4860   0.924542
4870   0.928338
4880   0.932136
4890   0.935937
4900   0.939741
4910   0.943548
4920   0.947358
4930   0.951171
4940   0.954986
4950   0.958804
4960   0.962625
4970   0.966449
4980   0.970276
4990   0.974106
5000   0.977939
5010   0.978386
5020   0.978832
5030   0.979279
5040   0.979725
5050   0.980171
5060   0.980618
5070   0.981064
5080   0.981509
5090   0.981954
5100   0.982399
5110   0.982843
5120   0.983288
5130   0.983732
5140   0.984176
5150   0.98462
5160   0.985064
5170   0.985506
5180   0.98595
5190   0.986393
5200   0.986836
5210   0.987277
5220   0.98772
5230   0.988161
5240   0.988603
5250   0.989045
5260   0.989485
5270   0.989926
5280   0.990367
5290   0.990807
5300   0.991247
5310   0.991688
5320   0.992127
5330   0.992566
5340   0.993005
5350   0.993444
5360   0.993884
5370   0.994322
5380   0.99476
5390   0.995198
5400   0.995636
5410   0.996074
5420   0.99651
5430   0.996947
5440   0.997384
5450   0.997821
5460   0.998258
5470   0.998693
5480   0.999129
5490   0.999564
5500   1.0
5510   0.999787
5520   0.999575
5530   0.999362
5540   0.999149
5550   0.998937
5560   0.998724
5570   0.998511
5580   0.998298
5590   0.998086
5600   0.997873
5610   0.99766
5620   0.997447
5630   0.997235
5640   0.997022
5650   0.996809
5660   0.996596
5670   0.996384
5680   0.996171
5690   0.995958
5700   0.995744
5710   0.995533
5720   0.99532
5730   0.995106
5740   0.994893
5750   0.994681
5760   0.994468
5770   0.994255
5780   0.994042
5790   0.99383
5800   0.993617
5810   0.993404
5820   0.993192
5830   0.992979
5840   0.992766
5850   0.992553
5860   0.992341
5870   0.992128
5880   0.991915
5890   0.991702
5900   0.99149
5910   0.991277
5920   0.991064
5930   0.990851
5940   0.990639
5950   0.990426
5960   0.990213
5970   0.99
5980   0.989788
5990   0.989575
6000   0.989362
6010   0.989048
6020   0.988736
6030   0.988423
6040   0.988109
6050   0.987797
6060   0.987483
6070   0.987171
6080   0.986858
6090   0.986544
6100   0.986232
6110   0.985919
6120   0.985607
6130   0.985294
6140   0.984982
6150   0.984669
6160   0.984357
6170   0.984044
6180   0.983732
6190   0.983419
6200   0.983107
6210   0.982796
6220   0.982483
6230   0.982171
6240   0.981859
6250   0.981547
6260   0.981234
6270   0.980923
6280   0.980612
6290   0.980299
6300   0.979988
6310   0.979675
6320   0.979364
6330   0.979053
6340   0.978741
6350   0.978429
6360   0.978117
6370   0.977806
6380   0.977495
6390   0.977183
6400   0.976872
6410   0.976561
6420   0.97625
6430   0.975938
6440   0.975627
6450   0.975317
6460   0.975005
6470   0.974694
6480   0.974384
6490   0.974073
6500   0.973761
6510   0.972816
6520   0.971871
6530   0.970925
6540   0.969979
6550   0.969035
6560   0.96809
6570   0.967145
6580   0.966201
6590   0.965256
6600   0.964312
6610   0.963368
6620   0.962425
6630   0.961481
6640   0.960537
6650   0.959594
6660   0.958651
6670   0.957707
6680   0.956765
6690   0.955823
6700   0.95488
6710   0.953938
6720   0.952996
6730   0.952054
6740   0.951112
6750   0.950171
6760   0.94923
6770   0.948288
6780   0.947347
6790   0.946406
6800   0.945465
6810   0.944525
6820   0.943586
6830   0.942644
6840   0.941705
6850   0.940766
6860   0.939826
6870   0.938886
6880   0.937947
6890   0.937007
6900   0.936069
6910   0.93513
6920   0.934191
6930   0.933254
6940   0.932315
6950   0.931378
6960   0.93044
6970   0.929503
6980   0.928565
6990   0.927628
7000   0.92669
7010   0.924911
7020   0.923132
7030   0.921354
7040   0.919576
7050   0.917798
7060   0.91602
7070   0.914243
7080   0.912466
7090   0.910689
7100   0.908913
7110   0.907137
7120   0.905361
7130   0.903587
7140   0.901813
7150   0.900038
7160   0.898264
7170   0.896489
7180   0.894716
7190   0.892944
7200   0.891171
7210   0.889399
7220   0.887627
7230   0.885855
7240   0.884084
7250   0.882313
7260   0.880542
7270   0.878772
7280   0.877002
7290   0.875233
7300   0.873463
7310   0.871695
7320   0.869926
7330   0.868158
7340   0.866391
7350   0.864623
7360   0.862856
7370   0.861089
7380   0.859322
7390   0.857556
7400   0.855791
7410   0.854025
7420   0.85226
7430   0.850495
7440   0.848732
7450   0.846968
7460   0.845204
7470   0.843441
7480   0.841678
7490   0.839915
7500   0.838153
7510   0.834924
7520   0.831696
7530   0.82847
7540   0.825243
7550   0.822017
7560   0.818791
7570   0.815567
7580   0.812344
7590   0.80912
7600   0.805897
7610   0.802675
7620   0.799454
7630   0.796233
7640   0.793013
7650   0.789793
7660   0.786575
7670   0.783356
7680   0.780139
7690   0.776923
7700   0.773706
7710   0.77049
7720   0.767275
7730   0.764061
7740   0.760847
7750   0.757635
7760   0.754422
7770   0.751211
7780   0.747999
7790   0.744789
7800   0.74158
7810   0.738371
7820   0.735162
7830   0.731955
7840   0.728747
7850   0.72554
7860   0.722335
7870   0.719129
7880   0.715925
7890   0.712721
7900   0.709517
7910   0.706315
7920   0.703113
7930   0.699912
7940   0.696711
7950   0.693511
7960   0.690311
7970   0.687113
7980   0.683915
7990   0.680717
8000   0.677521
8010   0.67349
8020   0.669461
8030   0.665432
8040   0.661405
8050   0.657378
8060   0.653352
8070   0.649328
8080   0.645303
8090   0.641279
8100   0.637257
8110   0.633236
8120   0.629215
8130   0.625195
8140   0.621175
8150   0.617156
8160   0.613139
8170   0.609122
8180   0.605106
8190   0.60109
8200   0.597076
8210   0.593062
8220   0.589049
8230   0.585038
8240   0.581026
8250   0.577016
8260   0.573006
8270   0.568997
8280   0.564989
8290   0.560982
8300   0.556976
8310   0.55297
8320   0.548966
8330   0.544962
8340   0.540959
8350   0.536957
8360   0.532955
8370   0.528955
8380   0.524955
8390   0.520956
8400   0.516958
8410   0.51296
8420   0.508964
8430   0.504968
8440   0.500972
8450   0.496979
8460   0.492986
8470   0.488993
8480   0.485001
8490   0.48101
8500   0.477021
8510   0.474067
8520   0.471116
8530   0.468165
8540   0.465214
8550   0.462264
8560   0.459316
8570   0.456367
8580   0.453418
8590   0.450471
8600   0.447523
8610   0.444577
8620   0.441632
8630   0.438687
8640   0.435741
8650   0.432798
8660   0.429855
8670   0.426912
8680   0.423969
8690   0.421028
8700   0.418087
8710   0.415147
8720   0.412206
8730   0.409267
8740   0.406329
8750   0.403391
8760   0.400454
8770   0.397517
8780   0.394581
8790   0.391645
8800   0.38871
8810   0.385776
8820   0.382843
8830   0.379909
8840   0.376976
8850   0.374044
8860   0.371113
8870   0.368182
8880   0.365252
8890   0.362323
8900   0.359393
8910   0.356466
8920   0.353537
8930   0.35061
8940   0.347683
8950   0.344757
8960   0.341832
8970   0.338907
8980   0.335983
8990   0.333059
9000   0.330137
9010   0.327234
9020   0.324333
9030   0.321432
9040   0.31853
9050   0.315629
9060   0.312729
9070   0.309829
9080   0.306929
9090   0.304028
9100   0.301128
9110   0.298229
9120   0.29533
9130   0.292431
9140   0.289532
9150   0.286633
9160   0.283736
9170   0.280837
9180   0.277939
9190   0.275042
9200   0.272144
9210   0.269247
9220   0.26635
9230   0.263453
9240   0.260557
9250   0.25766
9260   0.254765
9270   0.251869
9280   0.248974
9290   0.246079
9300   0.243183
9310   0.240288
9320   0.237394
9330   0.234499
9340   0.231605
9350   0.228711
9360   0.225818
9370   0.222924
9380   0.22003
9390   0.217137
9400   0.214246
9410   0.211353
9420   0.208461
9430   0.205568
9440   0.202676
9450   0.199785
9460   0.196893
9470   0.194002
9480   0.191111
9490   0.188221
9500   0.18533
9510   0.18326
9520   0.18119
9530   0.179121
9540   0.17705
9550   0.174981
9560   0.172912
9570   0.170844
9580   0.168775
9590   0.166707
9600   0.164639
9610   0.162571
9620   0.160504
9630   0.158436
9640   0.156369
9650   0.154302
9660   0.152236
9670   0.15017
9680   0.148103
9690   0.146038
9700   0.143972
9710   0.141907
9720   0.139842
9730   0.137777
9740   0.135713
9750   0.133649
9760   0.131584
9770   0.129521
9780   0.127458
9790   0.125394
9800   0.123331
9810   0.121268
9820   0.119206
9830   0.117143
9840   0.115081
9850   0.113019
9860   0.110958
9870   0.108896
9880   0.106835
9890   0.104774
9900   0.102714
9910   0.100654
9920   0.0985934
9930   0.0965335
9940   0.0944741
9950   0.0924146
9960   0.0903555
9970   0.0882966
9980   0.0862382
9990   0.0841798
10000  0.0821217
10010 0.00000
