data/rotse_response.ecsv
# %ECSV 0.9
# ---
# datatype:
# - {name: wavelength, unit: Angstrom, datatype: float64}
# - {name: response, datatype: float64}
# meta: !!omap
# - {url: 'None'}
# - {band_name: Open_CCD}
# - {airmass: 0.0}
# - {description: 'home/govinda/ROTSE/backup/rotse/data/rotse/products/idltools/umrotse_idl/tools/igm/rotse_response.dat
#     on:
# 
#  
# 
#     Note that these do not represent the response of any actual instrument.
# 
#     Response values are normalized to have a maximum of one.'}
# - {group_name: rotse}
wavelength response
2990   0.000000
3000   0.00210974
3010   0.00255404
3020   0.00306410
3030   0.00364620
3040   0.00430698
3050   0.00505342
3060   0.00589287
3070   0.00683308
3080   0.00788215
3090   0.00904860
3100   0.0103414
3110   0.0113144
3120   0.0123556
3130   0.0134684
3140   0.0146565
3150   0.0159235
3160   0.0172733
3170   0.0187099
3180   0.0202375
3190   0.0218602
3200   0.0235826
3210   0.0249536
3220   0.0263819
3230   0.0278691
3240   0.0294171
3250   0.0310277
3260   0.0327028
3270   0.0344443
3280   0.0362542
3290   0.0381346
3300   0.0400874
3310   0.0418721
3320   0.0437124
3330   0.0456096
3340   0.0475648
3350   0.0495795
3360   0.0516547
3370   0.0537920
3380   0.0559925
3390   0.0582577
3400   0.0605890
3410   0.0628472
3420   0.0651639
3430   0.0675403
3440   0.0699772
3450   0.0724760
3460   0.0750375
3470   0.0776630
3480   0.0803534
3490   0.0831100
3500   0.0859340
3510   0.0911175
3520   0.0963860
3530   0.101740
3540   0.107180
3550   0.112708
3560   0.118323
3570   0.124026
3580   0.129819
3590   0.135701
3600   0.141673
3610   0.147767
3620   0.153955
3630   0.160238
3640   0.166617
3650   0.173093
3660   0.179542
3670   0.186081
3680   0.192709
3690   0.199428
3700   0.206238
3710   0.213064
3720   0.219977
3730   0.226979
3740   0.234069
3750   0.241247
3760   0.248515
3770   0.255873
3780   0.263321
3790   0.270860
3800   0.278491
3810   0.286213
3820   0.294028
3830   0.301936
3840   0.309937
3850   0.318032
3860   0.326222
3870   0.334506
3880   0.342886
3890   0.351362
3900   0.359935
3910   0.368605
3920   0.377372
3930   0.386237
3940   0.395201
3950   0.404264
3960   0.413427
3970   0.422690
3980   0.432054
3990   0.441518
4000   0.451085
4010   0.455262
4020   0.459447
4030   0.463639
4040   0.467838
4050   0.472045
4060   0.476259
4070   0.480480
4080   0.484709
4090   0.488945
4100   0.493189
4110   0.497440
4120   0.501699
4130   0.505965
4140   0.510239
4150   0.514520
4160   0.518808
4170   0.523104
4180   0.527407
4190   0.531718
4200   0.536036
4210   0.540308
4220   0.544586
4230   0.548871
4240   0.553163
4250   0.557461
4260   0.561766
4270   0.566078
4280   0.570396
4290   0.574721
4300   0.579053
4310   0.583391
4320   0.587736
4330   0.592088
4340   0.596446
4350   0.600811
4360   0.605183
4370   0.609561
4380   0.613946
4390   0.618338
4400   0.622737
4410   0.627142
4420   0.631554
4430   0.635972
4440   0.640398
4450   0.644830
4460   0.649269
4470   0.653715
4480   0.658167
4490   0.662626
4500   0.667092
4510   0.670223
4520   0.673357
4530   0.676492
4540   0.679631
4550   0.682772
4560   0.685915
4570   0.689061
4580   0.692209
4590   0.695360
4600   0.698513
4610   0.701657
4620   0.704804
4630   0.707953
4640   0.711104
4650   0.714258
4660   0.717414
4670   0.720572
4680   0.723733
4690   0.726896
4700   0.730062
4710   0.733230
4720   0.736400
4730   0.739573
4740   0.742748
4750   0.745926
4760   0.749105
4770   0.752288
4780   0.755473
4790   0.758660
4800   0.761849
4810   0.765041
4820   0.768236
4830   0.771433
4840   0.774632
4850   0.777833
4860   0.781037
4870   0.784244
4880   0.787453
4890   0.790664
4900   0.793877
4910   0.797093
4920   0.800312
4930   0.803533
4940   0.806756
4950   0.809981
4960   0.813209
4970   0.816440
4980   0.819673
4990   0.822908
5000   0.826146
5010   0.826524
5020   0.826901
5030   0.827278
5040   0.827655
5050   0.828032
5060   0.828409
5070   0.828786
5080   0.829162
5090   0.829538
5100   0.829914
5110   0.830289
5120   0.830665
5130   0.831040
5140   0.831415
5150   0.831790
5160   0.832165
5170   0.832539
5180   0.832914
5190   0.833288
5200   0.833662
5210   0.834035
5220   0.834409
5230   0.834782
5240   0.835155
5250   0.835528
5260   0.835900
5270   0.836273
5280   0.836645
5290   0.837017
5300   0.837389
5310   0.837761
5320   0.838132
5330   0.838503
5340   0.838874
5350   0.839245
5360   0.839616
5370   0.839986
5380   0.840356
5390   0.840726
5400   0.841096
5410   0.841466
5420   0.841835
5430   0.842204
5440   0.842573
5450   0.842942
5460   0.843311
5470   0.843679
5480   0.844047
5490   0.844415
5500   0.844783
5510   0.844603
5520   0.844424
5530   0.844244
5540   0.844064
5550   0.843885
5560   0.843705
5570   0.843525
5580   0.843345
5590   0.843166
5600   0.842986
5610   0.842806
5620   0.842626
5630   0.842447
5640   0.842267
5650   0.842087
5660   0.841907
5670   0.841728
5680   0.841548
5690   0.841368
5700   0.841188
5710   0.841009
5720   0.840829
5730   0.840649
5740   0.840469
5750   0.840290
5760   0.840110
5770   0.839930
5780   0.839750
5790   0.839571
5800   0.839391
5810   0.839211
5820   0.839032
5830   0.838852
5840   0.838672
5850   0.838492
5860   0.838313
5870   0.838133
5880   0.837953
5890   0.837773
5900   0.837594
5910   0.837414
5920   0.837234
5930   0.837054
5940   0.836875
5950   0.836695
5960   0.836515
5970   0.836335
5980   0.836156
5990   0.835976
6000   0.835796
6010   0.835531
6020   0.835267
6030   0.835003
6040   0.834738
6050   0.834474
6060   0.834209
6070   0.833945
6080   0.833681
6090   0.833416
6100   0.833152
6110   0.832888
6120   0.832624
6130   0.832360
6140   0.832096
6150   0.831832
6160   0.831568
6170   0.831304
6180   0.831040
6190   0.830776
6200   0.830512
6210   0.830249
6220   0.829985
6230   0.829721
6240   0.829458
6250   0.829194
6260   0.828930
6270   0.828667
6280   0.828404
6290   0.828140
6300   0.827877
6310   0.827613
6320   0.827350
6330   0.827087
6340   0.826824
6350   0.826560
6360   0.826297
6370   0.826034
6380   0.825771
6390   0.825508
6400   0.825245
6410   0.824982
6420   0.824719
6430   0.824456
6440   0.824193
6450   0.823931
6460   0.823668
6470   0.823405
6480   0.823143
6490   0.822880
6500   0.822617
6510   0.821818
6520   0.821020
6530   0.820221
6540   0.819422
6550   0.818624
6560   0.817826
6570   0.817028
6580   0.816230
6590   0.815432
6600   0.814634
6610   0.813837
6620   0.813040
6630   0.812243
6640   0.811445
6650   0.810649
6660   0.809852
6670   0.809055
6680   0.808259
6690   0.807463
6700   0.806666
6710   0.805871
6720   0.805075
6730   0.804279
6740   0.803483
6750   0.802688
6760   0.801893
6770   0.801098
6780   0.800303
6790   0.799508
6800   0.798713
6810   0.797919
6820   0.797125
6830   0.796330
6840   0.795536
6850   0.794743
6860   0.793949
6870   0.793155
6880   0.792362
6890   0.791568
6900   0.790775
6910   0.789982
6920   0.789189
6930   0.788397
6940   0.787604
6950   0.786812
6960   0.786020
6970   0.785228
6980   0.784436
6990   0.783644
7000   0.782852
7010   0.781349
7020   0.779846
7030   0.778344
7040   0.776842
7050   0.775340
7060   0.773838
7070   0.772337
7080   0.770836
7090   0.769335
7100   0.767834
7110   0.766334
7120   0.764834
7130   0.763335
7140   0.761836
7150   0.760337
7160   0.758838
7170   0.757339
7180   0.755841
7190   0.754344
7200   0.752846
7210   0.751349
7220   0.749852
7230   0.748355
7240   0.746859
7250   0.745363
7260   0.743867
7270   0.742372
7280   0.740876
7290   0.739382
7300   0.737887
7310   0.736393
7320   0.734899
7330   0.733405
7340   0.731912
7350   0.730419
7360   0.728926
7370   0.727433
7380   0.725941
7390   0.724449
7400   0.722958
7410   0.721466
7420   0.719975
7430   0.718484
7440   0.716994
7450   0.715504
7460   0.714014
7470   0.712525
7480   0.711035
7490   0.709546
7500   0.708057
7510   0.705330
7520   0.702603
7530   0.699877
7540   0.697151
7550   0.694426
7560   0.691701
7570   0.688977
7580   0.686254
7590   0.683531
7600   0.680808
7610   0.678086
7620   0.675365
7630   0.672644
7640   0.669924
7650   0.667204
7660   0.664485
7670   0.661766
7680   0.659048
7690   0.656331
7700   0.653614
7710   0.650897
7720   0.648181
7730   0.645466
7740   0.642751
7750   0.640037
7760   0.637323
7770   0.634610
7780   0.631897
7790   0.629185
7800   0.626474
7810   0.623763
7820   0.621052
7830   0.618343
7840   0.615633
7850   0.612924
7860   0.610216
7870   0.607508
7880   0.604801
7890   0.602095
7900   0.599388
7910   0.596683
7920   0.593978
7930   0.591274
7940   0.588570
7950   0.585866
7960   0.583163
7970   0.580461
7980   0.577760
7990   0.575058
8000   0.572358
8010   0.568953
8020   0.565549
8030   0.562146
8040   0.558744
8050   0.555342
8060   0.551941
8070   0.548541
8080   0.545141
8090   0.541742
8100   0.538344
8110   0.534947
8120   0.531550
8130   0.528154
8140   0.524758
8150   0.521363
8160   0.517969
8170   0.514576
8180   0.511183
8190   0.507791
8200   0.504400
8210   0.501009
8220   0.497619
8230   0.494230
8240   0.490841
8250   0.487453
8260   0.484066
8270   0.480679
8280   0.477293
8290   0.473908
8300   0.470524
8310   0.467140
8320   0.463757
8330   0.460375
8340   0.456993
8350   0.453612
8360   0.450231
8370   0.446852
8380   0.443473
8390   0.440095
8400   0.436717
8410   0.433340
8420   0.429964
8430   0.426588
8440   0.423213
8450   0.419839
8460   0.416466
8470   0.413093
8480   0.409721
8490   0.406349
8500   0.402979
8510   0.400484
8520   0.397991
8530   0.395498
8540   0.393005
8550   0.390513
8560   0.388022
8570   0.385531
8580   0.383040
8590   0.380550
8600   0.378060
8610   0.375571
8620   0.373083
8630   0.370595
8640   0.368107
8650   0.365620
8660   0.363134
8670   0.360648
8680   0.358162
8690   0.355677
8700   0.353193
8710   0.350709
8720   0.348225
8730   0.345742
8740   0.343260
8750   0.340778
8760   0.338297
8770   0.335816
8780   0.333335
8790   0.330855
8800   0.328376
8810   0.325897
8820   0.323419
8830   0.320941
8840   0.318463
8850   0.315986
8860   0.313510
8870   0.311034
8880   0.308559
8890   0.306084
8900   0.303609
8910   0.301136
8920   0.298662
8930   0.296189
8940   0.293717
8950   0.291245
8960   0.288774
8970   0.286303
8980   0.283833
8990   0.281363
9000   0.278894
9010   0.276442
9020   0.273991
9030   0.271540
9040   0.269089
9050   0.266638
9060   0.264188
9070   0.261738
9080   0.259288
9090   0.256838
9100   0.254388
9110   0.251939
9120   0.249490
9130   0.247041
9140   0.244592
9150   0.242143
9160   0.239695
9170   0.237246
9180   0.234798
9190   0.232351
9200   0.229903
9210   0.227455
9220   0.225008
9230   0.222561
9240   0.220114
9250   0.217667
9260   0.215221
9270   0.212775
9280   0.210329
9290   0.207883
9300   0.205437
9310   0.202991
9320   0.200546
9330   0.198101
9340   0.195656
9350   0.193211
9360   0.190767
9370   0.188322
9380   0.185878
9390   0.183434
9400   0.180991
9410   0.178547
9420   0.176104
9430   0.173660
9440   0.171217
9450   0.168775
9460   0.166332
9470   0.163890
9480   0.161447
9490   0.159006
9500   0.156564
9510   0.154815
9520   0.153066
9530   0.151318
9540   0.149569
9550   0.147821
9560   0.146073
9570   0.144326
9580   0.142578
9590   0.140831
9600   0.139084
9610   0.137337
9620   0.135591
9630   0.133844
9640   0.132098
9650   0.130352
9660   0.128606
9670   0.126861
9680   0.125115
9690   0.123370
9700   0.121625
9710   0.119881
9720   0.118136
9730   0.116392
9740   0.114648
9750   0.112904
9760   0.111160
9770   0.109417
9780   0.107674
9790   0.105931
9800   0.104188
9810   0.102445
9820   0.100703
9830   0.0989605
9840   0.0972185
9850   0.0954766
9860   0.0937352
9870   0.0919938
9880   0.0902526
9890   0.0885116
9900   0.0867710
9910   0.0850304
9920   0.0832900
9930   0.0815499
9940   0.0798101
9950   0.0780703
9960   0.0763308
9970   0.0745915
9980   0.0728526
9990   0.0711137
10000  0.0693750
10010 0.00000
